"I1002" "I1003" "I1004" "I1005" "I1013" "I1015" "I1018" "I1020" "I1022" "I1024"
"1" 0.0857425627932867 0.827241969578336 1.11237847704371 0.586194666866369 0.171593100039519 0.357954820642241 0.739203434430789 0.693991517001328 0.182438685491099 0.18413214019797
"2" 0.0663378229618035 0.656471981595831 1.01305988066223 0.367606198373522 0.150734918946953 0.279209628985128 0.684521160974844 0.415531471654661 0.168265174096193 0.177982249122946
"3" 0.0538289690508763 0.630603014522417 0.865541620093811 0.338686751749532 0.125001455981003 0.249680712496637 0.597058765662637 0.348670468636728 0.165468808358747 0.198462212437156
"4" 0.040070409711696 0.625488491384427 0.746233931467351 0.287754694869694 0.0964118843602938 0.197301110499278 0.510630045976019 0.30543171608475 0.164779581294259 0.198637019293611
"5" 0.0357968870906913 0.606158957144089 0.60480046658531 0.289931882567393 0.08444086024119 0.181160457749575 0.464238779845682 0.264580692186769 0.0861867366167324 0.188917333084627
"6" 0.028422866744907 0.564111428518688 0.507016178522182 0.217045706796025 0.0842011597085413 0.152138247498619 0.445854511642069 0.254281004508425 0.109845342032255 0.182606262775048
"7" 0.0274961086608243 0.527285109288374 0.388458932023421 0.210904338540118 0.0751571411650696 0.141641565091196 0.395720834219422 0.2254911967414 0.0775620709546804 0.193490746002772
"8" 0.0238870225335387 0.493878899146206 0.328762457555711 0.168605639036096 0.0828555461287714 0.122796365215951 0.421592678979467 0.197019807458842 0.0748306326851186 0.195336734511813
"9" 0.0246336883732188 0.527067097071519 0.279202470030122 0.183931662073869 0.0773432197556062 0.125335342033066 0.41978592677042 0.201382487911927 0.0956032736033303 0.215456989729251
"10" 0.0250932381038623 0.560219937248912 0.272044916124319 0.165503155986051 0.0851312830227048 0.128960327957496 0.440360029086885 0.223350072020139 0.0655306569210253 0.307345625049524
"11" 0.0255738595027308 0.605551265749899 0.260023678916972 0.192738338028747 0.0878272656300531 0.133892684608467 0.436003081076311 0.274881565556474 0.0713346141959004 0.363051491219677
"12" 0.0306295856775918 0.588263426853127 0.269999151733678 0.223972305672356 0.0887102159999076 0.14028391103338 0.452255160564231 0.38689099371184 0.0660054726091096 0.380240856281073
"13" 0.0318109600589067 0.539719467319711 0.288742097947496 0.300413388193179 0.120491908427194 0.157113802890962 0.47507787426744 0.545678209790915 0.0530323010768654 0.47513026621345
"14" 0.0388656596642402 0.538194645106677 0.328514596514042 0.405135385525493 0.134567053137464 0.189517300950163 0.49960453139333 0.744181230614398 0.0735326464752667 0.544168535013418
"15" 0.0406167479080333 0.531453639142041 0.352032319020624 0.444995333573022 0.178923621850302 0.218809580758309 0.537206418694142 0.773500458958325 0.0687004495220187 0.541675933721587
"16" 0.051468891335392 0.568785676129976 0.377967767704324 0.638911430925631 0.157847013787001 0.252995026854335 0.564775684112201 0.936396595788314 0.0786226282547861 0.553833006025129
"17" 0.0616747107868423 0.567762054900879 0.453543868639373 0.598120704838525 0.196831356211975 0.301103954037604 0.57524338566298 1.03839124397648 0.134736367558664 0.546992833633761
"18" 0.0717693598348387 0.553790608577716 0.441054888080134 0.724170745415009 0.217139666153803 0.383284676200531 0.633317665912509 1.63460257943647 0.124578073774362 0.455042107613944
"19" 0.104883238620615 0.654308981006946 0.42712855322376 0.726276405148927 0.216465047652485 0.439065128179841 0.699576415032342 1.19992743214151 0.568302253307833 0.435352762177658
"20" 0.132928921735267 0.500994931817302 0.491818221634551 0.791282802612677 0.246967020285208 0.403420703778059 0.755841515865838 1.01372006519755 0.861288512321233 0.578725809281384
"21" 0.145229691754473 0.513781252601838 0.460631722532946 0.632438656048514 0.262084900163489 0.420777796878966 0.789094078869503 0.622926415785405 0.56539850499725 0.595865026990026
"22" 0.156605536590756 0.491563199109449 0.558782386182546 0.760807275965957 0.263531880758973 0.490274660524778 0.818402881740271 0.469708775589133 0.383998890886378 0.600159239448365
"23" 0.192169242896465 0.478755105947704 0.504923098724237 0.739097020286488 0.265266379588156 0.481334283814114 0.879722688320315 0.412190933966215 0.161513530398246 0.624856564767436
"24" 0.164071147577128 0.570274196438433 0.536356693414953 0.798290079282098 0.310160007806923 0.613064578778764 0.967124946947226 0.445173871330027 0.0886694075188386 0.519458160903405
"25" 0.15412856462091 0.634951131083989 0.703222218933741 0.795698920905142 0.273502433767382 0.564064799513036 0.994214659675737 0.500506117986547 0.0683707677993493 0.590885375461578
"26" 0.19308698668089 0.553651324594413 0.807180668018035 0.866630938500466 0.241125829378476 0.513821318121125 1.0750530283248 0.519596180431883 0.0685571439135208 1.14378121638412
"27" 0.169760128157775 0.623335741631358 0.807774014790218 0.865513970914766 0.222451274288007 0.472636107695505 1.04133736622213 0.546350184990774 0.0386172256404368 0.735094528355798
"28" 0.164923410228713 0.782216334473816 0.937003695566431 0.906035596250958 0.162004426677754 0.439233367818964 0.963531704995592 0.614298173093578 0.0562255923204155 0.81017882360993
"29" 0.144406111247119 0.68483633843856 0.784902443577438 0.912134484156939 0.141509580415712 0.471279252792259 1.002669593889 0.688781036527506 0.0663001723069866 0.645362226674787
"30" 0.153821046235112 0.724527558338557 0.75744232213326 0.795047813704488 0.114745161675056 0.45933034861974 1.00644271569152 0.789388813137781 0.0567747395877347 0.746724198243169
"31" 0.139206421315331 0.642937363603399 0.965910114714061 0.563878214061479 0.118419335256451 0.453839705942889 1.00608173816754 0.936545498858737 0.271907707676557 0.650074113324643
"32" 0.120159177193783 0.636408541333459 0.864748108327117 0.528203940760558 0.13305085398708 0.523835608628288 0.98437411705455 0.955102120530307 0.279575231890651 0.349370905526655
"33" 0.147302495270703 0.609830670777732 0.943933382559543 0.538210184765417 0.138918898489732 0.627596516029882 1.07714271244193 0.943283133842389 0.455693349276019 0.342690830922421
"34" 0.15835930771025 0.89267226011051 1.30165664012646 0.58523581879243 0.17882136817305 0.640464210721703 1.22516627413469 1.03674287727805 0.643125546834771 0.42207635642763
"35" 0.175950307041497 1.25109685456812 1.31967961548111 0.677865691583729 0.215400766822193 0.670773396714279 1.33621727512926 1.85251469109371 0.815973372502528 0.462472974031252
"36" 0.165446242495805 1.35952035286347 1.47968741215933 0.929252791623573 0.362985951892279 0.713591551390752 1.50089804557832 2.2022532327632 2.3920344205727 0.552401182260252
"37" 0.199312284710158 0.915590453878235 1.55271444879536 1.07923893552132 0.433380873548167 0.76329697906224 1.51215573279975 2.23759360489108 1.3308640926294 0.595556796047752
"38" 0.208851170917988 1.57113175788045 2.00479961907425 1.09257222581413 0.418828492228718 0.888109658648074 1.62323935462763 2.17282483329757 1.28583863479779 0.656731261713102
"39" 0.243672190385199 1.55572656657038 2.39863219679691 1.39792533996725 0.740855360545206 0.833059514030255 1.62355581691064 1.79290402313294 1.02850683737755 1.55847216947884
"40" 0.23838553733783 1.67817526335009 2.3455044016676 1.30435229933084 0.750176117055874 0.840783292262229 1.58608999143734 2.14581413801588 0.94472647438713 1.58343924752542
"41" 0.24361273520438 1.47292848389874 1.95339288907756 1.08600840971426 0.552083315865457 0.880270947855883 1.45221738518963 1.61861855368702 0.653733160914575 1.24573859595861
"42" 0.246891914790475 0.989525905527513 1.72156683365501 0.95412967791041 0.624472617528855 0.812116231478496 1.20251354430991 1.73046019350124 0.535135216908438 1.14936097597378
"43" 0.243059780535405 0.924232448863703 1.55955131037862 0.803363967247386 0.442497937894645 0.705486558706564 1.13628676321702 1.32656177015584 0.588977027393189 1.10494784278442
"44" 0.22679633081377 0.800090828880161 1.42785796050407 0.676611860086241 0.373371939624722 0.682736149918928 1.07814592825279 1.39464756727724 0.655505768256958 0.847337331709685
"45" 0.210167240443673 0.821840657612764 1.40907805310695 0.710625513910378 0.383246421072131 0.638571686110558 1.05449815561234 1.01888445496027 0.73514795327211 0.879307505281268
"46" 0.205189755266993 0.782141114061492 1.39230572168549 0.611919731539355 0.31986954582485 0.555004395742942 1.0291890319731 1.38191693437973 0.519363211898883 0.672541830761057
"47" 0.2016421407422 0.7797100698398 1.38834956135669 0.57571314854978 0.33702564499717 0.508065940039041 1.01379670754073 1.22405296730513 0.48782884838573 0.582740877519555
"48" 0.204063564691098 0.755655193444584 1.38417899470474 0.638188773194475 0.24797235704444 0.446955440551489 1.12296063069666 1.18612528562718 0.330454254223799 0.28511795901021
"49" 0.086337304184689 0.641017346327399 1.40481550178555 0.50654935354029 0.176442945188705 0.330389699112692 0.724264818339281 0.652508792132594 0.0985415219763911 0.205291421033515
"50" 0.0658132120007545 0.647735949813564 1.24595866806978 0.479583611987262 0.171119164030989 0.294624566068601 0.659582344142081 0.411200233339658 0.10269069572686 0.22726072042372
"51" 0.0484947660997542 0.663290326085844 1.16239881004247 0.392008185761797 0.171453544554806 0.26147352506373 0.590404856605256 0.333740922446902 0.0780025745301521 0.217386598980028
"52" 0.0471456597334378 0.654926545925235 0.939856565913538 0.435297382625576 0.151512166417695 0.229617533694014 0.490915235108765 0.271076516707362 0.0808281534740735 0.200333901412574
"53" 0.0359231924995254 0.573337137391509 0.807831081174332 0.368107935452038 0.159854721800833 0.18401297781026 0.473651824158006 0.230430653618451 0.0385068126389625 0.19161841916377
"54" 0.0377670859624816 0.587473197415007 0.662558623458487 0.311043104886421 0.142265433605945 0.161197286051053 0.401151913248043 0.20985418798311 0.0498971852354135 0.279796700851725
"55" 0.0316563304324366 0.577745281873762 0.570070086388596 0.28295919711164 0.167652842283827 0.145211183177668 0.418808350356694 0.194282731075767 0.0356718571682464 0.263516665376035
"56" 0.0343765000075078 0.551220175872918 0.473099782190631 0.24229563200716 0.14357450979654 0.134747109049132 0.397842257912231 0.182669622669366 0.0408917195359877 0.275578341178996
"57" 0.0308878265942492 0.509462900496414 0.423732313473694 0.254981954310492 0.157377775297903 0.124785894661785 0.378620058640022 0.171123733980088 0.0316782020496729 0.269952761106175
"58" 0.0365818330355951 0.521040699475812 0.375979386590535 0.223804065497949 0.167876041950454 0.136261501017396 0.419822944679327 0.189573713318016 0.0268069211619388 0.325888046158503
"59" 0.0397464220259448 0.558595112847909 0.349208249993453 0.271270766106364 0.167258792501193 0.147575389256248 0.427101824930296 0.235606680133498 0.0374566828046383 0.307736552972344
"60" 0.0455029725906476 0.543357037278428 0.373580260159695 0.292678640395542 0.164488025120701 0.159092484651842 0.485595467124393 0.311687439425349 0.0247853171020499 0.337295526805628
"61" 0.0545130122350132 0.560209636466525 0.395046613747873 0.418855214639614 0.178848409725129 0.158243937374399 0.477182579511066 0.425396361892946 0.0288362871464383 0.396844691266714
"62" 0.0554761219757344 0.620026984911034 0.422984843783814 0.542434975087336 0.240740112466556 0.18652236025627 0.532048254584242 0.568415263648896 0.031760274655225 0.466613933936273
"63" 0.0719721063855522 0.613712934673887 0.460256987186022 0.584885137560415 0.289035886111947 0.235152426059562 0.557971053565325 0.733696515635816 0.0298624993451954 0.533882995991124
"64" 0.0712726530809859 0.704947876811087 0.513801063721339 0.803700937455323 0.380421793868647 0.290788689282444 0.57188067185538 0.964681603766173 0.0519098176699678 0.512670267802494
"65" 0.105944365086632 0.584340378504572 0.521374608684958 0.749293136308481 0.372870471147778 0.288889844024472 0.602524645992217 1.05277706375086 0.0451687986288369 0.465505247583521
"66" 0.120291626957884 0.570533592914097 0.530603289672001 0.843027340911633 0.375717565781107 0.336596244599448 0.661203711935285 1.37998462510425 0.0658333757530458 0.37715516822483
"67" 0.139576189810305 0.62190546452835 0.53859293776101 0.75340732753361 0.436139531379224 0.372423893104625 0.687376960560364 1.02520593881868 0.20788431168917 0.589362948063468
"68" 0.154601026858961 0.607308919003983 0.552898632171513 1.04494824953743 0.398326018861687 0.435972604212937 0.732634203309465 0.903748250323022 0.342111011396253 0.57627086634835
"69" 0.124545068508332 0.524596621283296 0.560965452703304 0.876737030207851 0.402673702112593 0.467903619937573 0.772488539338077 0.883945639559706 0.271877735423766 0.474968873959152
"70" 0.183267824072225 0.504754740845974 0.696255461305813 0.896089360127966 0.3670128319808 0.447161484141814 0.889154633900584 0.793614197332834 0.22280629668434 0.633296561513297
"71" 0.19572074707536 0.552226568107014 0.998705877484918 1.05032586654477 0.388850638011822 0.528248981582847 0.963905710966239 0.830564278215729 0.166734458337614 0.533453624846271
"72" 0.191189630192212 0.604161283836548 0.786253389169164 0.934591021448293 0.438493257757987 0.531027123414235 0.93249110957873 0.68952850431331 0.137790975896029 0.752252684849286
"73" 0.168843098213373 0.606392225121382 0.871127612522142 0.994790845506193 0.315416861038916 0.554722887867667 1.26893952849702 0.625695414699147 0.107785697747998 0.764650046914706
"74" 0.1690616175851 0.571264812175907 0.962392173389807 0.956414221628168 0.317025757103026 0.582683949758696 1.30412054037624 0.589603137183941 0.0901894326388979 0.812214082045851
"75" 0.155821031311836 0.505258548527264 0.989531002441585 1.07576117218036 0.282011675628085 0.597014271034307 1.28621743399886 0.939278052049692 0.093851368110673 0.916884323257664
"76" 0.159154114436938 0.57976405560622 0.955838138271342 1.32723306953757 0.23573704818951 0.586808293850556 1.24548731286398 1.11460938068758 0.054523356862765 0.981728301664794
"77" 0.144939237826779 0.45908472525375 1.08391996324136 1.25396527256831 0.199568734582592 0.587243715807011 1.34398673762065 1.2375915318017 0.0625634746878877 0.766070669305537
"78" 0.149117197328059 0.505993812032715 1.09439777876355 0.733064325360274 0.19848299113876 0.215677445838788 1.28269790877898 1.1407834715685 0.112543382625101 0.841718118176201
"79" 0.137115488503784 0.740491159570056 1.12560457250716 0.793644118175193 0.189612158753263 0.625032360438727 1.23800780296514 2.15451162124783 0.125334789804339 0.557955428814203
"80" 0.142747452438842 0.836656953564096 1.26814256325787 0.761198279930313 0.194457616786682 0.637613651171591 1.32890079744514 1.69115100216539 0.189740655081554 0.56544747794693
"81" 0.147502275221249 0.712636116550758 1.21956124391078 0.753820605649466 0.22434467891947 0.634828220626385 1.16720376183826 1.61732193713506 0.299200972105878 0.492650830439981
"82" 0.15668647114916 0.881097686034168 1.39618662039175 0.842885069443269 0.257435766658024 0.652058971627706 1.19955885019057 1.66579187194321 0.408671193686271 0.451163495924712
"83" 0.17367517739779 0.96929002120361 1.56041377822423 0.843134955786283 0.328067561726873 0.626966968224976 1.30918744410033 2.02722312272991 0.523100465108119 0.851553777278633
"84" 0.183723271485643 1.1184463432991 2.07958401112756 0.974319029561705 0.477345872055322 0.756547697744974 1.39076652951047 2.21595542393694 0.684211469121827 0.71442485706867
"85" 0.210191400220001 1.15276636085462 2.16996323599379 1.05319516922498 0.541857000181921 0.806228063673481 1.50878574257139 1.9861763880539 0.743497528443642 1.33639574929397
"86" 0.22149295652271 1.2987710138385 2.79454142221134 1.18708732490154 0.541025952058139 0.837237605820954 1.85515242360537 2.06382163721027 0.442591460434739 1.32465613058969
"87" 0.235898283374271 1.14187460905408 2.22500799008556 1.26013841383469 0.466760222347948 0.912944693717136 1.60819261959632 2.2459700946641 0.497907581785625 1.80730717833404
"88" 0.20964816127921 1.23166711276537 2.66890677460305 1.48169551490604 0.757052090170229 0.924307424889321 1.60523677817918 1.91285462786516 0.389137001725011 1.39643492186263
"89" 0.233765886102984 1.2477672871236 2.76728288216842 1.03064641466902 0.672915847039425 0.862747216128296 1.59871045258531 1.82174507881913 0.315322358498897 1.65235590188795
"90" 0.237784649447002 1.13988004439863 2.43153676995747 1.07949081617693 0.574049376597826 0.800015034615102 1.49282898455178 2.0757351765429 0.281251240716146 1.16611408198165
"91" 0.239364153760424 0.93612972121484 2.41787216959724 0.952792755826059 0.537791011421394 0.724458886613376 1.38597252682837 1.81263026584678 0.314854983766823 1.04431595074662
"92" 0.231427531065875 0.903018836552028 2.04475590035232 0.726863574443813 0.498315476518178 0.735543311207051 1.313410414921 1.69256114461433 0.238602157680807 0.913443345709267
"93" 0.206654335041372 0.863026921597436 2.03629947431898 0.868021548209889 0.520219379721083 0.648623278034951 1.24622207853256 1.55262237368151 0.303098287802496 0.821324624105303
"94" 0.229008605989518 0.782519754578812 1.83957559724712 0.70257402174162 0.396384045729357 0.58642751994045 1.27342664663234 1.63058025324333 0.466378692474393 0.587817170210379
"95" 0.203692967346061 0.70507357824771 1.79556918444955 0.698026551129108 0.377947561332798 0.542299483461316 1.23870206753055 1.44705145876512 0.297898170932744 0.3635378561959
"96" 0.219362555148018 0.744186437918432 1.7878641681708 0.680086509784807 0.369108721549085 0.464396591658786 1.26423308799768 1.63787920984205 0.210623422637986 0.270625391485264
"97" 0.148818220234419 0.659167713613717 1.11070593695371 0.520752830489782 0.191385532422607 0.38999740097374 0.770379983062295 0.361648914607683 0.175404495928309 0.125911486041729
"98" 0.132169999342987 0.620292571178155 0.939113010904029 0.397006177532714 0.145594212547244 0.271033869165311 0.694072924725452 0.330726139025997 0.16067987442695 0.125372063520755
"99" 0.0786603874301424 0.622500276889851 0.859098706499713 0.362608698959543 0.142271639549226 0.231294130420979 0.579963143370783 0.30673206417985 0.19656742713689 0.124293706384519
"100" 0.0698979469670891 0.64048479689388 0.703187232548303 0.35066200359631 0.127843588725057 0.189432022378794 0.567022985916666 0.286345283945876 0.139693416664718 0.131529279203348
"101" 0.053727851495237 0.582647708708557 0.598212329830951 0.28868855498107 0.110108644764823 0.16006406555244 0.508612947658863 0.240389800540244 0.11621600775715 0.162846800670983
"102" 0.0526117954229913 0.535921475605265 0.509148410809172 0.323156649169359 0.109168303745066 0.163250307608953 0.471458016235956 0.195230585875282 0.0937834475252 0.187168684547032
"103" 0.0481354796425287 0.543739674873727 0.43223379672272 0.220859514734721 0.104309997526075 0.145220016923478 0.447258905762915 0.176016556174318 0.0916327775188081 0.171279184056595
"104" 0.041006508058146 0.496088985680751 0.356743554094145 0.21340769129851 0.112156751100017 0.125359384081657 0.432388643508325 0.166435319513548 0.0905110722138524 0.151632638605007
"105" 0.0366415366648376 0.438490039737153 0.312920912488946 0.205017911143711 0.10550039283697 0.117837065368123 0.437754284256146 0.169164739647799 0.0709740081694351 0.163766122148565
"106" 0.0415070822819946 0.452890432051417 0.29053923814753 0.195299844537334 0.102838665787246 0.151175427753942 0.440649612068737 0.206472472932666 0.0852230282106901 0.200210295590198
"107" 0.0406397074825983 0.507679759048392 0.288009942844517 0.250009959365994 0.11384513862359 0.142900786988883 0.448131234348632 0.257101866457998 0.057383304678429 0.219401588655839
"108" 0.0520122210898891 0.489949040848846 0.289963700864235 0.249825971002968 0.122380773942796 0.140363555920989 0.484075993329687 0.325275713192041 0.0601038830141746 0.292014455583229
"109" 0.0516029366978591 0.493660321711561 0.305530731314343 0.392202009553883 0.136946608987318 0.156948069839157 0.486268392653552 0.448020416609658 0.0740909011685524 0.339781322649315
"110" 0.0680768028429826 0.579743748474719 0.326778359964879 0.454578821173788 0.185087103765829 0.197425794689562 0.538086217214163 0.607003996497937 0.0553689589624969 0.574050771460424
"111" 0.0714003576447284 0.588505607344028 0.402806846258243 0.565190038356658 0.203474728279716 0.209513741473567 0.582839454466214 0.783699268187147 0.0655808149302057 0.536204344507837
"112" 0.10155842551753 0.785885095529306 0.384609024408949 0.673950830257626 0.194792642373596 0.260277966819785 0.62290747374523 1.18620698175189 0.109635583172041 0.561469513051922
"113" 0.126380370719303 0.623244652422543 0.490039024673744 0.904655595784225 0.230780476520426 0.367014469371393 0.660661401313597 1.46646938840806 0.181269418234981 0.347887404542452
"114" 0.149248682567328 0.578597912284134 0.45427777775725 0.993036537097809 0.280873289270964 0.400032718497866 0.727822535255333 1.21283403197645 0.233661475774709 0.253002374667352
"115" 0.19556425728638 0.523641449110501 0.432280085250833 0.847288084825772 0.281315034991114 0.386695619651944 0.901249680160819 0.895455633420429 0.46244660000919 0.265305333971036
"116" 0.170262645818688 0.645724546859843 0.429303717558389 0.962344508989416 0.348222503112848 0.272521504993798 0.752646248371566 0.502607305629378 0.755301730734166 0.274071554995248
"117" 0.254551005553873 0.549975541463442 0.575379580061211 0.6778670714574 0.413445620094106 0.496633209956416 0.835337051438786 0.471878280935241 0.770377334112404 0.288562291829254
"118" 0.263715221504641 0.523448404292008 0.519113087153084 0.639839907568757 0.333844557562427 0.478200441353911 0.947760233524114 0.480112393784332 0.498911598111595 0.273507791837147
"119" 0.313065399476191 0.564717257569619 0.479607991683394 0.688289735802734 0.311173044319684 0.457909600380406 1.08711340958158 0.467269158707664 0.388119796938097 0.258513187461759
"120" 0.264857047884239 0.641985749440212 0.598334364774987 0.926662807075645 0.355123548207881 0.54133606194079 1.26767407324457 0.432224027645311 0.270528551738413 0.259565103578444
"121" 0.265726459938573 0.590222287403189 0.583610875941913 0.954508268304131 0.348162078866842 0.478206479527909 1.28014745538972 0.426612488913364 0.109610562587326 0.279997310021623
"122" 0.176153168489469 0.59320173791364 0.701729481387095 0.869371766140657 0.287216338307861 0.576522590207174 1.12069151191674 0.560849222791526 0.140396328234609 0.289913258504718
"123" 0.237655859494374 0.669451250125883 0.710373441470232 1.08848057372501 0.230469894573075 0.519461192441041 1.03798022194379 0.478578967145811 0.0663444015878624 0.59524012034385
"124" 0.28233917209742 0.557562632047234 0.750079739474689 1.02911813153421 0.208465726652837 0.594021682137348 1.0549625695726 0.741752361172308 0.124447621862598 0.406145241662103
"125" 0.234867360195055 0.52398181294696 0.763731261854494 0.941679439576501 0.187211044986872 0.52039214260765 1.01807063221167 0.696598614370531 0.150148768922701 0.383602442673415
"126" 0.223850869776479 0.53506290641223 0.735635808391491 0.958778793785298 0.160616283614129 0.48260584130695 0.955447211974151 0.646332532261984 0.0734378047382408 0.346900748164055
"127" 0.196623327009968 0.538260820964645 0.900471360597267 0.864781004464724 0.180604366591978 0.49917827456468 0.947734630923051 0.707150728102463 0.1291234290252 0.306245613624585
"128" 0.219366317716359 0.513732838671665 0.909330783887944 0.877320161234084 0.175640060067097 0.56184174212825 0.931704895323542 0.739434605366619 0.139219828204538 0.254235971499824
"129" 0.249580300335807 0.560250257978638 0.917892704521816 1.04022057325837 0.224286992482251 0.55457755757246 1.04601380604381 0.996002486320238 0.226831267944844 0.255493790987611
"130" 0.271397568065027 0.673906801563013 1.32715392696198 0.92379805235826 0.279588849452025 0.567673626831871 1.13646726519361 0.963778272270648 0.542475671423055 0.263615197051824
"131" 0.305086623858624 0.74665204485832 1.51675671501045 1.13550765806666 0.380120869448312 0.609057431723683 1.37376529017123 1.52366058070175 0.743210743814277 0.287161372825108
"132" 0.328381766094526 0.862300493693269 1.72293227329647 1.2088224717652 0.435181949338752 0.752292005005563 1.32572808426357 1.68518139583021 1.29273162832977 0.700887545943569
"133" 0.358830213871508 1.58965139065526 1.73735024274344 1.69510236036913 0.5978176031177 0.813058107092405 1.53232015396449 1.78407608295204 0.838545934950861 0.850895536443681
"134" 0.400017500824684 1.63449218988524 2.44886057438484 1.52833962845102 0.80282472002528 0.81318787496453 1.54576200557333 1.80493323226951 1.15943643825134 0.816314973675784
"135" 0.391196917031904 1.39638386774218 2.42146684272518 1.60501394463195 0.834134387643748 0.848441898818889 1.4777255243186 1.68997531648151 0.884272807283253 0.908266769720348
"136" 0.433994497414674 1.72519555912 2.21456518436701 1.56803623959637 0.712860247522474 0.91072741902912 1.4013424180059 1.51141607669334 0.898965336562502 0.926943922378361
"137" 0.427348424315929 1.38727968629961 1.9775345837888 1.6332334417874 0.663331749242069 0.847188939141863 1.21484240384931 1.45397935235364 0.442207018446586 0.961904629760842
"138" 0.441173587725581 1.17759756480289 1.93730458094575 1.41284514409963 0.713959789813822 0.800504898212886 1.20151877686311 1.29580411927543 0.670336646983691 0.850655139827545
"139" 0.414441619368674 1.05167483365273 1.81561652914319 1.25246271510634 0.793899586589578 0.783594474812621 1.13667755285528 1.20364217790535 0.473196793857131 0.774090144070695
"140" 0.409764483189608 1.02215407499002 1.57112967578979 0.826383817223695 0.669369483707368 0.689251405729619 1.16006175733623 1.02369931047532 0.649698796436331 0.729695263959148
"141" 0.392736707149613 0.937618091839031 1.44398384037127 0.810638102675606 0.529301533708693 0.607083959576871 1.05718053124473 1.06171081956478 0.466267316334276 0.623552565437727
"142" 0.378764757974825 0.747278559161235 1.34625978602072 0.796525287222782 0.507771101829111 0.560836346806093 1.05670431062932 1.05736134897641 0.443133180714082 0.423390976902422
"143" 0.383744383401295 0.756230835771982 1.43707656107077 0.854991822553645 0.481231743941542 0.527781210489513 1.02847916122135 0.971227451018393 0.393506909001444 0.223309690658052
"144" 0.377054593682757 0.814518892385492 1.43157714465325 0.717341319454093 0.468688390476316 0.398540696280394 0.959680251091714 1.12029600036653 0.295361641678838 0.164852718420417
"145" 0.173051286690722 0.561122318805427 1.24129757083748 0.695600609032868 0.229752571806551 0.325377766330228 0.639392863620224 0.319910541206494 0.134496159415091 0.0986834030765221
"146" 0.125072323106729 0.574096301781096 1.00933136570172 0.512309594830847 0.180467864230523 0.2709133548098 0.576544312106827 0.261537914284023 0.116677022747162 0.0984837958532595
"147" 0.0991017817723421 0.592276682168223 0.867924946060995 0.402827142965126 0.138244302495266 0.240549925132189 0.535105591134142 0.251024914425156 0.146140818406024 0.0987133626780671
"148" 0.0791434630959136 0.598261177002202 0.748504605051687 0.423514146322582 0.123028095368028 0.196842545325922 0.486580628847649 0.224589069965996 0.108899558329377 0.111575635060564
"149" 0.0619535777199541 0.563667721413253 0.634163308794672 0.321011939340406 0.114497272497741 0.156715748410083 0.458018865401219 0.183722507189604 0.0879002715304201 0.128104169376313
"150" 0.0563330113823749 0.574485970733563 0.50310680938961 0.339274784367306 0.0920128257394776 0.152331275553309 0.442964755077808 0.161513067378906 0.0753047358849316 0.131094561604418
"151" 0.0450388469290218 0.539721915861805 0.421060606322932 0.251137453087648 0.0957444696247968 0.145321154918642 0.417504440097073 0.146332079427405 0.0662268961228311 0.121591758140194
"152" 0.0480893936951329 0.491198759388798 0.362799477698739 0.244046232919632 0.0937115272314794 0.12928817541781 0.420106616897306 0.147244176754298 0.082312932093009 0.107362891295828
"153" 0.0412602711736522 0.415041260680026 0.311809370241275 0.23055695639573 0.0959515623941637 0.116550127913137 0.415865008211673 0.154741753043309 0.0574003318099264 0.129501870821487
"154" 0.0489125038114117 0.444035513789523 0.290608425918619 0.208681842413873 0.105058254876131 0.131281720819458 0.411381488128669 0.157754158935571 0.0516805538692908 0.168144627699411
"155" 0.0466678428012251 0.45820572097962 0.282716999314856 0.272943318212372 0.102786473318806 0.135994548078442 0.431622102842453 0.191500361720318 0.0595094350872327 0.183612507675586
"156" 0.0578394439661086 0.468655508616545 0.292609228380542 0.289171281058757 0.129375730714967 0.142630609790249 0.440449922078127 0.251408696149917 0.0439295029957204 0.236208959524062
"157" 0.0600703824390103 0.481248552177752 0.314326914744595 0.470406678167732 0.155826560802189 0.156865084758757 0.474783115233232 0.340896114562754 0.049656575751525 0.282901167906454
"158" 0.0766050352773011 0.502298697867841 0.34796113291284 0.495311416703428 0.193909780401364 0.189178605516696 0.498547251773403 0.503480024580807 0.0565768049568727 0.300840319069898
"159" 0.0858409370081577 0.47355592493414 0.380109742471333 0.69053225338654 0.204800077616282 0.212526180355345 0.522936496759592 0.64002298158707 0.0512982239053294 0.486449231527106
"160" 0.104655180763016 0.510602637532366 0.410191918208203 0.837355101997009 0.241699610861011 0.263178000813072 0.558697206642542 0.917408105364468 0.0700036163493217 0.451754287949322
"161" 0.12472923679355 0.614453731082 0.535772826184388 1.2222715739264 0.194534976806534 0.289179661193597 0.60043281623431 1.22277333856768 0.147668528884128 0.475660112291781
"162" 0.169095373416482 0.673933613391541 0.47473618677706 1.18620714710644 0.3263268949548 0.341408282567855 0.641932802186767 0.898210155445632 0.213896480607575 0.238612579418568
"163" 0.214408713686975 0.510574104250373 0.460033479212175 1.19190652794028 0.362182367305309 0.389689052479225 0.68898611277575 0.615970898667557 0.471483508468275 0.22850994560808
"164" 0.264851497801968 0.482605449178073 0.540438022816959 1.05356750902544 0.421585165081972 0.394990466238134 0.699184954303969 0.592383767895385 0.828677011183384 0.223393422190054
"165" 0.2671280394183 0.478074940372148 0.559243200845319 0.994215133845035 0.375249199622983 0.41262843619107 0.751476208675649 0.45562581003576 0.45182779112676 0.218803068368563
"166" 0.285779711789723 0.561059297914157 0.552508066497218 0.849525391968221 0.40936444541001 0.460732262206974 0.81642990664815 0.374220556391787 0.392102144715196 0.200617622504185
"167" 0.317422811425328 0.640676055111496 0.534032585720266 0.82564637551068 0.406227150054342 0.547308927537714 0.881480245915831 0.50534182447342 0.304312112579573 0.24061082501268
"168" 0.358880173219087 0.726729616976437 0.569336066351148 0.889234276482834 0.331750788828352 0.49137446132983 0.970961868268998 0.353721385290726 0.228419550163748 0.240251418924901
"169" 0.369776257363985 0.570088703951344 0.645508370485418 0.92819937015264 0.298341484530314 0.553030530632772 0.993827703639269 0.411485808580581 0.159203369496087 0.256002979069585
"170" 0.344098921336681 0.533290062158271 0.774284983943499 1.08467276143724 0.324561355276545 0.553633168986563 0.989309335859258 0.428687466832082 0.119152108943027 0.253207171792165
"171" 0.306172069404966 0.776409765420478 0.879184421123169 1.07238206091576 0.241973170015403 0.555044533120415 0.9931516627204 0.459864081201213 0.168673259224486 0.52363214244341
"172" 0.296684833132343 0.793012141996671 0.857323316972571 1.34377330655725 0.218967420600102 0.56303253898191 0.971430087536236 0.689540453464388 0.108411818595816 0.321288221993637
"173" 0.256188819193876 0.628035563566397 0.74178805000983 1.04490695368958 0.190232018122958 0.538020014960658 1.1465712632889 0.841769791676933 0.117856024690723 0.265432699049418
"174" 0.251731444990491 0.511017044845597 0.882582365890676 1.03193104612011 0.144225940583156 0.473179280736621 0.881172271773355 0.872837652550343 0.17460228224498 0.291167252239642
"175" 0.20138613101392 0.571682169455431 0.846795038708594 0.84593677389494 0.150240523734242 0.49211820596041 0.895229429484771 1.15860669796135 0.212168770264652 0.265263005875859
"176" 0.213925447692223 0.625619722506643 0.94742462221816 0.697091562590698 0.147497168692623 0.505449251625852 0.91028344427445 0.975924807588231 0.437542332294139 0.256132118179264
"177" 0.202654564878606 0.67739847900932 1.08629447603005 0.798365574448694 0.14742006268814 0.51659921070182 0.964815429876651 1.05244763571256 0.678417681130602 0.253145650774854
"178" 0.224931643305007 0.766739809795229 1.26300594574397 0.937840873136574 0.225242741549551 0.523399335354565 1.36522292025131 1.02516799156292 0.567410951346851 0.235652155822438
"179" 0.299313455336135 0.876398463461652 1.51206384267807 0.842515058967231 0.272202568233917 0.570340158583544 1.27001238863136 0.823555307596685 1.18332349033545 0.271915788441524
"180" 0.333151190369961 1.07577667267531 1.81947907647412 1.2981584313982 0.446705672924198 0.581864036315596 1.14472057204201 1.11849734685578 0.973316338783232 0.480898188589361
"181" 0.351226958936079 1.02147993885009 2.33540758969906 1.4737090748458 0.516276276172911 0.58131631107562 1.39983136051215 1.31705642319094 1.20489393293182 0.764111014408479
"182" 0.358811916143881 1.43671278241069 2.18468277134123 1.76813031082174 0.527788645179535 0.636391188557336 1.58920236583775 1.38281816283524 1.47834521181494 0.689479696260237
"183" 0.392918027317616 1.18832181373436 2.43219473389409 1.87078081024082 0.711462749827707 0.861551354053992 1.43991217322981 1.48953761342329 1.1432760760759 0.722562597499643
"184" 0.424719623973039 1.22164068019115 2.4059669802374 1.8321415689023 0.597122658409608 0.888328686025401 1.30364492393881 1.26649553539044 0.695144260310712 0.861470543572597
"185" 0.455067767561282 1.06874788688657 2.30155654616154 1.59828931123494 0.711963891186613 0.865394692065641 1.16119039755406 1.23035933022148 0.616095621624539 0.857891322013104
"186" 0.469288323475299 0.944236322551438 2.08783374031056 1.29708037287385 0.909645928036798 0.763696496614048 1.04489922401691 1.19179179506663 0.472918154186669 0.76917895256797
"187" 0.479339768324494 0.79497047354199 1.92062749485157 1.12178344806815 0.580267685501631 0.795107655575048 0.957137852379751 1.13494550164529 0.400124666573892 0.712340015381996
"188" 0.416453317689676 0.703783184340036 1.67879597661488 1.06949455698759 0.546898895003029 0.733218155992863 0.899707104447099 1.04762287464566 0.630634726999287 0.526991868147001
"189" 0.493812136935445 0.653369200994878 1.83934954077844 0.966312233144813 0.553114754218399 0.622428579572208 0.925323918963876 0.782440598927333 0.479273792706735 0.481014493907141
"190" 0.499500874760199 0.619589731326036 1.5806994016493 1.01289465374835 0.533954876191358 0.614661814699364 0.935195954929039 1.02196157816283 0.3397527065449 0.381170885113205
"191" 0.470691102695553 0.625119731231272 1.59130738258712 1.01024729811256 0.511679065513604 0.526757362217292 0.956630460121913 0.690567275051279 0.421619936234948 0.306835711014322
"192" 0.497976419649793 0.630090945078972 1.46611783112303 0.82789765240324 0.416981402008587 0.38237568155223 0.900645674819104 0.738851201552625 0.33598647979008 0.263115766500545
"193" 0.246837295696941 0.525945628047897 1.15189870586827 0.578746748859628 0.27571110788118 0.268054433422471 0.585245866155431 0.210820622096204 0.154708075423544 0.248716826289328
"194" 0.2267285065214 0.492777885857605 1.01170803457293 0.54058090200795 0.245551144948565 0.275645925121618 0.528280353406833 0.195082577210467 0.119067598746769 0.130002902686469
"195" 0.175967580868083 0.487941968607149 0.863717429188955 0.500566738592684 0.171520154964893 0.231015544478568 0.521654679389463 0.163403023828293 0.101564611824661 0.11400850899072
"196" 0.161787058278494 0.527495118075419 0.76403083486779 0.423472645771943 0.133178324915621 0.192676409532598 0.474455376924043 0.14059829103515 0.0948911357617927 0.148602317087168
"197" 0.126782359473246 0.484415071852364 0.67396181023037 0.435123930732431 0.101044807364966 0.166973604972754 0.492340015017739 0.122678771110345 0.0725699125250665 0.151357977832619
"198" 0.119626785543065 0.476603546934611 0.600687386118543 0.328543671691595 0.0971091405825977 0.168053586041926 0.469234297733512 0.11522076782577 0.0695245373486222 0.151884734264347
"199" 0.103908340061426 0.482182330556264 0.418883851841582 0.350758456803316 0.0843834194569987 0.146892646624747 0.453549900854147 0.105241103861543 0.068507728054548 0.130879486378047
"200" 0.103840450935811 0.438407269747944 0.371236076653404 0.262669774622086 0.0887109668502857 0.136842374525694 0.502625603291104 0.0921544491413403 0.0608589843384061 0.133623259214734
"201" 0.104142689526372 0.436533462486424 0.343442039026666 0.275189277252618 0.0728405735972485 0.12788170389141 0.475218472837637 0.0911255898636581 0.0584518217858191 0.1686614524908
"202" 0.105659456252248 0.442857555582611 0.315935798367066 0.274549496034902 0.0779928281102568 0.142780060366242 0.528346891275524 0.100076771538809 0.0708190697189249 0.222196979205268
"203" 0.120893116591224 0.476106958367867 0.310386276152464 0.309227484747382 0.0883514019637051 0.141068765363214 0.538859839701093 0.118516709953852 0.0628512022271269 0.306527262511197
"204" 0.118983163126955 0.432557271720777 0.32528083974542 0.414758335017406 0.109583409107306 0.149913486514786 0.509409524287059 0.166256628175138 0.059092601234486 0.362589903510557
"205" 0.147323485103558 0.473427345587059 0.36376068460301 0.500722522367582 0.151822185901174 0.167560674485423 0.527241791016812 0.218725957389564 0.0661650738391729 0.3966641381953
"206" 0.149234209155765 0.495653607815009 0.386265428519137 0.782397547695853 0.280252427020561 0.218595842343271 0.543220475932203 0.264908754543442 0.0738507978594927 0.416829782159058
"207" 0.191219687239046 0.462104789190458 0.425964997612688 0.793827848071447 0.338618653453399 0.266423528174146 0.551842629745224 0.576397888964019 0.108642605708378 0.736299849973066
"208" 0.220438010339462 0.479175950961774 0.528642611040533 1.97753696370899 0.323347045939399 0.302634510042763 0.589903614989536 0.625182137948991 0.12773144193824 0.757656574892222
"209" 0.307857961594478 0.513291555448089 0.64928767666858 1.50023376034436 0.407866301502443 0.382958131474085 0.589139685835035 0.704477566081427 0.147489335581277 0.580152427362232
"210" 0.302373135502028 0.518236962113076 0.543971016299883 2.08206210923704 0.402772469859318 0.397557121362224 0.685609006834941 0.626179289901049 0.339914256580261 0.321364910790116
"211" 0.356978019082082 0.478698666630255 0.494838302189295 1.57397899174093 0.508498510350777 0.465307768845219 0.74091085644272 0.410401912561811 0.71054872092972 0.30451574012837
"212" 0.366139296975566 0.504425161658006 0.512576529516003 1.41360176974932 0.481829350845894 0.464633030047329 0.914075750215569 0.513102318134713 1.0594081301755 0.282201979752198
"213" 0.479409733589298 0.506710566506498 0.542847369024209 1.22774138015761 0.569558058726021 0.469750631313547 0.869281614742013 0.333107376364461 0.693144391058091 0.259918770909776
"214" 0.590268549380014 0.500392966352099 0.586708002064001 1.19547413055263 0.495560458163921 0.416563901832322 0.919825183159726 0.253815918688896 0.581925366220415 0.302914978691607
"215" 0.714449160441103 0.598743894763644 0.62969760006685 1.0790355368639 0.42612265880084 0.500766488088648 1.10980650368541 0.249872842106748 0.470398563739964 0.330198551517792
"216" 0.70033477579522 0.604458269472388 0.640601716544849 1.0174235247535 0.332092035799984 0.527010033028066 1.25929624785391 0.238942737314152 0.317756172970111 0.345129673649938
"217" 0.805607087067243 0.61539864711608 0.707677932229632 1.05430224279332 0.304946447055481 0.55821355965642 1.17908081049796 0.293197743570392 0.217350154993826 0.368821139017366
"218" 0.715948187841399 0.819721643080359 0.736619519605282 1.22539522037294 0.303643093650352 0.526490821044159 1.32110754173819 0.487398390684706 0.127481120377756 0.332229317438748
"219" 0.619543240517827 0.691695288890639 0.764691956962127 1.19008511155448 0.300648307677962 0.568433956596748 1.09479525591568 0.363805591075833 0.0564196470932713 0.375714578174771
"220" 0.559993820880695 0.685337159898586 1.07245003498554 1.34305191567041 0.298730337864887 0.523046212712517 1.16471219373373 0.365616861785169 0.0934217121289614 0.546776200145558
"221" 0.47245420839507 0.533882682720338 0.895522156113337 1.27829302844875 0.324924800406927 0.574163465289455 1.11028955224964 0.337503379113249 0.126540929944386 0.2991033921988
"222" 0.428815977475954 0.636074423499344 0.865891167576245 1.23456446103005 0.301554130275873 0.504347244586695 0.999779504589377 0.29478405307101 0.113144092399537 0.291901600169042
"223" 0.415492113614275 0.475414449736264 0.826472993914106 1.10842685367482 0.249490955990122 0.500140027276873 0.847553150702376 0.34771020551745 0.102335201820761 0.273009602338096
"224" 0.404276209972805 0.527730115663346 0.895932683974559 0.937928108156652 0.287639050945805 0.572298529678515 0.866437850008841 0.437214955553399 0.108242580186148 0.263814583217121
"225" 0.344155186608608 0.605370521887162 0.984261196389968 0.949625904932386 0.272279305174193 0.505380828879272 0.889447873013683 0.524997267315118 0.126362621232 0.255787671258834
"226" 0.445190279231834 0.591976926432781 1.14322889038922 1.05501155201738 0.359623456564891 0.546970510240449 1.04630921450081 0.504675880928314 0.168733922057163 0.267556968525511
"227" 0.478935341273719 0.665487732107477 1.36131848997184 1.11553999002565 0.409299400119993 0.567772099570417 1.23836862735027 0.488750311839398 0.579675963470075 0.290692062276568
"228" 0.48473363577099 0.732406630199214 1.57919262428895 1.28659860780051 0.536705012978762 0.644522067060589 1.18700860770752 0.423483737802092 2.18576356385332 0.383700000288466
"229" 0.532008327743915 1.71133191052587 2.32912939657441 1.61536089570417 0.768175312808419 0.725387313725853 1.17102731514113 0.551472047598103 0.618803348590793 0.88844784180325
"230" 0.593689109435755 1.21184746240241 2.31678369157249 1.78355517153746 0.761326285830582 0.871523954361018 1.33045830369848 0.651473733659458 0.796002236279902 0.901434600883012
"231" 0.559882199624462 1.23045613904614 2.46641890715867 1.87515043886458 0.770600850130597 0.950142269979395 1.3273014394509 0.623214023869381 0.63099465734812 0.969215124036164
"232" 0.713663447564723 1.30468523896645 2.26245853901029 1.83673969075619 0.778393800565849 0.917092034687326 1.32450855055436 0.572207600409728 0.824614871663485 0.965595428454793
"233" 0.808262224415632 1.03467160265505 2.16123456043566 1.66605937747556 0.676050546570088 0.89130934725358 1.28905211284818 0.822016032348391 0.602908733996313 1.01694916797893
"234" 0.7789359951103 1.02933123884677 2.07673927963297 1.32575159202997 0.670947010923699 0.887717605785113 1.18390195776962 0.847283084330491 0.583223871851337 0.886120398502203
"235" 0.786563198953001 0.787910200681662 2.00852382182022 1.11095265699978 0.776061880198075 0.77849531096369 1.02478999824179 0.65716634348632 0.421481287784237 0.813116235840551
"236" 0.749706110581511 0.601129533215107 1.65553089275542 0.896611969108792 0.762528917845432 0.768901616961158 0.912432746729735 0.700038348997397 0.44423926439719 0.724188156919357
"237" 0.751117208017379 0.563949314016033 1.60456680492211 0.916231724529156 0.671813634360228 0.698948711817857 0.954713416123368 0.559913495802637 0.415124514176829 0.620080268103638
"238" 0.759851687896338 0.608908795329806 1.55394280937534 1.04182236685386 0.521514294307543 0.646529643143258 0.908979200887153 0.664349090316661 0.372425237917478 0.332249648757705
"239" 0.779288256783346 0.589890959126429 1.52702349113239 0.854575088175974 0.507684117647895 0.534414439426723 0.919441846201567 0.672284790164082 0.309195121433044 0.297037763882352
"240" 0.782206261278346 0.621548670933377 1.61494881331462 0.811829532289807 0.422220510549081 0.408851994872483 0.971933349335056 0.407972041160783 0.247717312850377 0.251906659797695
"241" 0.308512076734986 0.487662985726564 1.28807559689858 0.434722644708682 0.276458710190542 0.339510133150892 0.679871579378955 0.255144169540154 0.195696417328221 0.173519704120252
"242" 0.233686717947087 0.451136432700746 1.18541717924512 0.456552031293779 0.200071508538937 0.292733839294007 0.657355959562455 0.237193874028637 0.166362218540809 0.141025656618386
"243" 0.200772926226099 0.410909000760919 0.979262893515513 0.395614796433811 0.160633280939282 0.263278179599723 0.635456118319242 0.242330303123295 0.139688065626673 0.140378551581816
"244" 0.159805044495804 0.478705048706891 0.80140979675533 0.389201813228416 0.127195106505287 0.231855310246877 0.607282190298928 0.204115057305238 0.163729215430301 0.136229946782301
"245" 0.133420320772453 0.437739110491152 0.681492991614832 0.356330066618451 0.107097939341669 0.227191889391749 0.601191220634311 0.1620006936542 0.0946978677327538 0.151183479428815
"246" 0.118156941651843 0.406877719533169 0.564278959808014 0.282923085006516 0.106640203817116 0.19656264499148 0.547458693799858 0.13767163928187 0.0952127634676791 0.173829922663704
"247" 0.0969912200394317 0.384659229043348 0.488366931167819 0.301090227242759 0.126503459980434 0.17055503922231 0.481813207226655 0.116454994962646 0.129561392773582 0.208105823147722
"248" 0.0951137595642995 0.332139890422873 0.407906838300437 0.231288552249681 0.169923240339571 0.166190996609121 0.46632947356117 0.106746327952038 0.101452672180855 0.210987600926108
"249" 0.0826037961431538 0.311078694215062 0.362076588889025 0.256077245877071 0.18339060462938 0.149396081683821 0.417615356189196 0.116822477084412 0.135419132974556 0.23059567932296
"250" 0.094355445411139 0.318365742559803 0.345011270998306 0.260085939776052 0.21713696040679 0.151241521960439 0.425312568636605 0.135057107345521 0.0953917380800125 0.246504566983321
"251" 0.0876942871165602 0.34725880395036 0.343633049646742 0.275509706736776 0.252692682370385 0.168299977712348 0.396801472610275 0.161441158355746 0.0879438376352833 0.25479878104279
"252" 0.106679985412101 0.316139379803013 0.349880513578686 0.391548351756768 0.29143025775666 0.201504126001159 0.402213424118943 0.199727448245818 0.110410826823669 0.28341949790863
"253" 0.108479726236546 0.340758276510436 0.38118618811719 0.437892583494977 0.329952256477579 0.240832568200507 0.423971171047073 0.278490494992719 0.084644965322951 0.334802833103509
"254" 0.133768560575956 0.381159431930892 0.422112659837305 0.652328578661622 0.467250771260742 0.262671547187988 0.450154718744562 0.41164118837444 0.0926586654844149 0.388528058670703
"255" 0.150546763674468 0.353712054924136 0.48027723433849 0.747135977266235 0.512206595911396 0.298048888642914 0.462193613405193 0.555650156120548 0.108587418181204 0.668668691305913
"256" 0.174660256155064 0.368905663071118 0.51018776833922 1.16552280721411 0.534155899921723 0.349679350931221 0.48510836378708 0.900128454764981 0.181487314260458 0.66864267028264
"257" 0.189157192038755 0.415539839034004 0.702818066964895 1.39969704564272 0.448636644745691 0.391020332698488 0.56091945315341 1.05743841141291 0.525575591341351 0.58089510215481
"258" 0.244514223633957 0.375726269453234 0.610645437209683 1.4324018857718 0.48507757539426 0.450059992466188 0.588377311059977 0.910015125642891 0.728937758332075 0.305391931399505
"259" 0.403445896505216 0.347646506076518 0.597069810810451 1.27684959664704 0.561717684549074 0.432708935504735 0.643822854351509 0.605939405595713 0.895194599759963 0.254300618355755
"260" 0.470471189277921 0.347524215579536 0.568538127201446 1.22763897562403 0.68318328357757 0.611849138828976 0.648560675192536 0.714151009068204 1.81971053181166 0.259277002136884
"261" 0.503199493611212 0.338185472634514 0.572130527556074 1.11429626288404 0.679988231333221 0.53741712524657 0.812645265446909 0.480771463482019 0.896914058092763 0.26352133583873
"262" 0.526028379040864 0.433296542656343 0.58893070246985 1.0577476786502 0.901493378883291 0.522407243791783 0.698563276392206 0.427482681896894 0.90936413851591 0.287807240173152
"263" 0.540559774294134 0.491637312957652 0.63865151185622 1.11585598453602 1.03382540078225 0.605631243933221 0.966473813991703 0.425370304306113 0.654132036525154 0.339552826525058
"264" 0.60478337241751 0.658098289387242 0.651660418335907 1.09401711498031 1.10928935394354 0.531683484734806 0.799662295788793 0.333952898512932 0.442535890956473 0.365618555377521
"265" 0.674652268938953 0.707451488149166 0.714213506291768 1.13629469082048 0.581061870859564 0.587064155169851 1.13055790513329 0.355777904019797 0.325578823846197 0.387982131679107
"266" 0.682939041839244 0.801901523793736 0.763840986852384 1.19659076393432 0.384327070707476 0.610961916604505 1.45664599282478 0.401551872188938 0.0986138518791662 0.388646864531007
"267" 0.676269480310519 0.530630241562244 0.913924902242939 1.10112241184597 0.363362588559119 0.605976253217763 1.36549243513831 0.539394813840949 0.0629332025478051 0.682217080707309
"268" 0.605289920184985 0.621254072693649 1.02080749180028 1.06874401284109 0.270115591379935 0.550413622362596 1.29114202224642 0.594989255033203 0.0480826804668543 0.424017419342144
"269" 0.511325257951496 0.432413818813906 1.03744778886635 1.1129333982581 0.31713801393096 0.592664857889464 1.10757231474511 0.64326803311226 0.0542598102637684 0.338100418624135
"270" 0.400047502102134 0.493729248089869 0.848361595334242 0.948637762003068 0.27392313503496 0.514906003714841 0.994979998911352 0.989805165814319 0.049545919276698 0.322770833677717
"271" 0.326126685023522 0.471430052130506 0.828170899072864 0.954244628784952 0.320105596626235 0.560470414870777 0.879938491740803 0.938903324845201 0.117474405662373 0.270787887073067
"272" 0.343192718310418 0.448131194057496 0.905038435616495 0.813068503945388 0.419293352035624 0.567126591278718 0.881787830225734 1.04247365587325 0.120491848463807 0.259272869577905
"273" 0.297029781288564 0.522431968021076 1.02219490113166 0.831946973187149 0.413856554087807 0.625089340177476 0.925849798925663 1.10553120342555 0.154280306302562 0.248167402612012
"274" 0.343024698467324 0.688208465153765 1.29850235321509 0.774716057876005 0.50272353284912 0.597989987510694 0.974557434974386 1.27570351464966 0.224207314056493 0.228434156328588
"275" 0.396062402171803 0.759226453100801 1.5090321116464 0.755133726202284 0.661064415417159 0.629939613445048 1.06774042876373 1.28631967837681 0.383850665542163 0.263104133911767
"276" 0.444881323230651 0.987851294760278 1.37265734180373 1.00949560475719 0.766938595131273 0.647561109982873 1.25945106123606 0.773736842635116 1.51782837920239 0.321799440037284
"277" 0.505339705943736 1.15847369580884 2.03384786828712 1.44700677407971 1.14594069398354 0.772054380321526 1.23876298634197 1.17652257747956 1.06614193864681 0.386790190101213
"278" 0.548311939918848 1.06748379170207 2.52307631820806 1.39849546908073 1.27325983432097 0.737381709981972 1.38095047309283 1.25280280510442 0.738149860357584 0.499474127099942
"279" 0.636468564426318 1.04415553469577 2.54982218959123 1.60713103153185 0.975156235319502 0.971219726465245 1.43596920793263 1.16367767559569 0.888694667110017 0.547475625475372
"280" 0.70011010487136 1.07371788611343 2.61201120724999 1.47609651721553 1.15296967527432 0.970657973685944 1.38909808598564 0.965413275022328 0.686185337765026 0.594406835023509
"281" 0.785242400354002 1.15501245563008 2.46782087908938 1.34362783485879 0.894575104127477 1.00459915172145 1.40320316115737 1.04263280392543 0.516184021337947 0.923312162643315
"282" 0.850432539799778 0.732327284220227 2.08344550869648 0.943585129126629 0.791123268481351 0.921221461158002 1.4308943753832 0.94164433458034 0.599111916832568 0.939366197949077
"283" 0.724753472580254 0.668593756670766 2.128098193904 0.799256960971026 0.547613810476084 0.85426253119841 1.24876351533494 1.15488273560039 0.61855497884072 0.810865891263139
"284" 0.894575281835539 0.720666174858419 2.06520224583728 0.779986121990658 0.504110852261572 0.815165531084599 1.23983973528835 1.08554526061923 0.640758927097971 0.7870599632045
"285" 0.838964370029646 0.683414521636094 1.88548772351975 0.625810927062768 0.414892384427395 0.711703965281535 1.24507285031098 0.719053762288317 0.550106448505184 0.721338386819516
"286" 0.886558376888503 0.708603377996271 1.81760142810174 0.86502077650884 0.396984093375244 0.661477953167975 1.24222088339693 0.665199226632794 0.531278763652777 0.630218070312795
"287" 0.912522615853458 0.670173964863885 1.72621171329952 0.677219125463629 0.396187516666124 0.585028330334274 1.23243756147944 0.748956351108449 0.738751435424096 0.460914181144245
"288" 0.875823277023832 0.669548927154499 1.94559400803145 0.719282936439666 0.389503099003608 0.472825201935244 1.23530122227616 0.614030788856079 0.521510972625553 0.380404420341119
"289" 0.274548203955479 0.57930723385303 1.05455931073669 0.624580205896173 0.1541744714093 0.370247324882419 0.749054700530943 0.267292240216078 0.246824416088926 0.14159591561027
"290" 0.162677019642976 0.545987977567013 0.896271966614216 0.453386894961555 0.148649659842705 0.268565471216554 0.670903119561587 0.245216707708789 0.16595262815953 0.128930590464623
"291" 0.147783856368697 0.487599621137709 0.788061849072513 0.413608142162636 0.128738432449971 0.234633946408706 0.636040098606725 0.222990585866279 0.205748830951997 0.128006848542819
"292" 0.103432808020704 0.448292746779247 0.680855382144592 0.376486355873533 0.106952914445181 0.224524862317351 0.585750261201981 0.181330550348002 0.151309680493368 0.138430466900286
"293" 0.0971179359717772 0.44352189154362 0.571871119962646 0.340456400636946 0.0906285819279658 0.211513821415629 0.542438889371253 0.156078577433218 0.0925001504750098 0.145171025078567
"294" 0.074092348829878 0.471580422695711 0.486369701343471 0.291171093212039 0.0946819894060651 0.171291164219433 0.507200471702542 0.150502280909304 0.121549041924886 0.158161141814383
"295" 0.0728647296027349 0.395388312771668 0.418522213117646 0.264548212868444 0.081524362877637 0.151504355923921 0.479237714882112 0.133632581789354 0.0872202956457353 0.149999152128643
"296" 0.0646400897164267 0.373939559063244 0.351748025585489 0.228555256092245 0.0775777495131648 0.154966689428558 0.490952188977037 0.11833312714193 0.0804577489484806 0.154324441899735
"297" 0.0657560727928301 0.389330363130878 0.314035619771257 0.218598809624837 0.0809023911819873 0.149593512651619 0.506029818102724 0.122670607378272 0.0925907616539903 0.172293385536476
"298" 0.0678225544751706 0.355872721932724 0.300694005337355 0.218118920550855 0.0707806723508402 0.144131436204013 0.518390771204096 0.149683788031303 0.0693088437879205 0.206441625384817
"299" 0.0702674892212463 0.386213187904888 0.29249100883562 0.2435191562017 0.0764852202986336 0.145778677971164 0.517888881426088 0.17988378400321 0.0556727730061966 0.238037529028378
"300" 0.0824005181054893 0.40574036822341 0.297646720793136 0.294404555652521 0.0804411255218913 0.169819611730992 0.529703859024331 0.225902227368596 0.0516479887531691 0.261779683008216
"301" 0.0847452722152418 0.418803099282536 0.319505306679693 0.384181559159485 0.0884806951137135 0.18785390911661 0.560830747172736 0.312304940963341 0.0599324592892957 0.522436284432954
"302" 0.1209565006913 0.433115747403798 0.364913995815819 0.490185375180019 0.120250760563066 0.212755515700268 0.61605821642814 0.468850404779833 0.070629021913868 0.549579777653408
"303" 0.149411517452167 0.472108610695945 0.391320473039407 0.599667096691836 0.136869352164739 0.239548736675467 0.686184978232257 0.897378144419974 0.0662478011162998 0.596972336393237
"304" 0.185661274915873 0.462468786282211 0.483977624329978 1.15287439319087 0.183639245937525 0.302593000353135 0.716254764385639 0.943731663085959 0.0835945837459793 0.570597215285594
"305" 0.210439717762197 0.555766974004169 0.47727297495047 1.42387534518264 0.152696716111147 0.409596519946515 0.704651734100895 0.977086851207825 0.106532654970834 0.565829464919225
"306" 0.239463835236909 0.678381456415915 0.476554896776543 1.23111652607634 0.213554183032431 0.433080313631972 0.79440331801891 0.87727158657341 0.163179681632553 0.306881817309865
"307" 0.233935701790474 0.637308677343503 0.45909408337393 1.27403552300171 0.212485384803242 0.527713549536937 0.816152720847938 1.0499502499219 0.539596751535115 0.258169533578218
"308" 0.278583874992365 0.551190250978853 0.516062369608147 0.94598072871328 0.248982984572723 0.48721049904135 0.90875768331798 0.609034973042875 0.93206467233691 0.258444977929327
"309" 0.320164283815541 0.414339190112681 0.482906920685553 0.808224177261314 0.247318531518257 0.534467856131789 0.981734622378257 0.53828274120869 0.636297905366254 0.259017994659779
"310" 0.361677231087241 0.657486079009733 0.497833837730585 0.703645190228342 0.255512271929331 0.595053342665933 0.959386358510804 0.508625931283648 0.486570925331233 0.261193528749161
"311" 0.371432346688595 0.578769068094418 0.517571497501121 0.807364259465362 0.270584011146065 0.560771201675605 1.11407960747572 0.580466925910253 0.302321812476031 0.263575224597119
"312" 0.339823689932241 0.555852485891634 0.544344025606784 0.801003817147288 0.330836821868129 0.670413242713516 0.992519529413406 0.367559731171273 0.320546675012817 0.236014340096101
"313" 0.340794474866746 0.519269792352146 0.608417433828722 0.73724812553943 0.336213872777091 0.589999133164793 0.991541609454939 0.345905818288231 0.144572339780917 0.247870465045303
"314" 0.27423519414643 0.495279058703499 0.6785911152122 0.865549229572841 0.345739840006574 0.579747835350552 0.923557628547383 0.413934863085804 0.102567710836475 0.262928335485463
"315" 0.304172243002774 0.471237049794392 0.747645250561792 0.828373323524251 0.300837562713859 0.519857602011345 0.935129189552944 0.504000462310811 0.0880843894589628 0.281946130922674
"316" 0.252885380709444 0.496534385678801 1.0434563270959 0.850959990056288 0.233498525411817 0.496354263186544 0.975980344776984 0.636588720533931 0.0872196015879916 0.312941690396844
"317" 0.22932369879202 0.459035446710482 0.746059603729532 0.967609124515382 0.215685262731154 0.583783291421322 0.901684869001471 0.699097662334332 0.0965312243180799 0.283247024139487
"318" 0.169097370174109 0.498351186427139 0.722160585393802 0.671831530357786 0.197525339728989 0.508982517169424 0.902892260312996 0.882499266461954 0.0536740485007193 0.275551676671407
"319" 0.168974723990366 0.509267062420574 0.72774959691931 0.671942019361676 0.193930353641022 0.523245986495495 0.909069497626144 0.766369590947237 0.120966480674017 0.263636325829784
"320" 0.161838987656909 0.497186580579317 0.73920021303745 0.554275178275572 0.189272982776081 0.580673251673673 0.93736571393626 0.97483015542966 0.118116868138038 0.244202662247816
"321" 0.188954353742975 0.524449471367949 0.844704576705387 0.677522694242726 0.211051124127276 0.633476916012127 0.966674977312788 1.1101326592953 0.190335724148895 0.251687597011329
"322" 0.215942761371421 0.599662080071075 0.986257871687452 0.64659112227718 0.226163211883317 0.568370214655806 1.052412273842 1.09379618270639 0.402995014288901 0.271014089091272
"323" 0.224049797531697 0.814425750757699 1.31598076239787 0.700116368081144 0.259934514795512 0.64656251320369 1.25537755090586 1.0580372056589 0.899053888479403 0.293214082975862
"324" 0.208288712284612 0.691945807131281 1.331571408257 0.849101528745465 0.410185639432571 0.716944237073025 1.18615164418598 1.12753404449619 1.29471393594783 0.304820328231439
"325" 0.239765707258848 1.29060446139715 1.67421717190375 1.1254347042501 0.476411904688372 0.871217592828817 1.25907432421292 1.0430978229415 1.12858938002558 0.371951839294182
"326" 0.272717253257496 1.01761090137948 1.87269264088298 1.24227709800836 0.535358232474008 1.05959017552436 1.38879816335884 0.817453672669306 1.08842270257376 0.561389670054318
"327" 0.292458482576883 1.23700171091748 2.15638961106384 1.30271926516003 0.862274089995785 0.982924792115354 1.39578949502136 1.01311907667964 0.996581675194851 0.601436146533688
"328" 0.333076420743663 1.12329278961964 2.1197998121577 1.34704493083557 0.712637062051985 1.00504590394339 1.4580296189469 1.27181693222336 0.558918975610507 0.566330980277952
"329" 0.321235165775317 0.967421346911003 1.97950950228547 1.28229292210528 0.668582538675274 0.935314301838845 1.29152424575524 1.19951063445844 0.515790013422616 0.473172832528135
"330" 0.341512618714916 0.99790852647393 1.88667981257557 1.22395024063377 0.643474207880354 0.90829596992967 1.03407385412472 1.16407745963209 0.422167872063329 0.427833388305731
"331" 0.332440241982183 0.805149718674654 1.64205651511666 1.19431653321367 0.631674807761462 0.829364963870171 0.934653063353189 0.920538686687439 0.45880903374167 0.374726935723482
"332" 0.35184538940043 0.738608120045512 1.62249486644774 0.921480420457016 0.536344451793206 0.774558769835136 0.857044138417393 1.12433221535436 0.429291631558237 0.315066212525892
"333" 0.400776299324453 0.736545705413505 1.43509089594604 0.937417085957996 0.545563620082144 0.703467272909302 0.844813474195211 1.02310049398847 0.349537360260706 0.288363476445938
"334" 0.391203546145598 0.709117890291852 1.45984312809016 0.759921736137141 0.577566362966115 0.625006101465384 0.81929498223503 0.765155379098938 0.386746780413294 0.257794178513333
"335" 0.386461735643608 0.61825784909981 1.4791610187736 0.766308270643104 0.506539604823034 0.575560777104723 0.801351029989512 0.674333545207974 0.283924342373269 0.223554441790827
"336" 0.378516962706113 0.615471143300441 1.48292663695171 0.750946478843778 0.43488961246911 0.511748367808848 0.808181195399294 0.644870744145294 0.223072247788152 0.197470136485651
